# 006
# Fri Mar 24 11:19:35 2023
[SECTMAT]
MAT1 PSTN0 0 0 PSTN0 0 0
MAT2 WMET0 0 0 WMET0 0 0
MAT3 NOTEX 0 0 NOTEX 0 0
MAT4 WMET0 0 0 PSTN0 0 0
[SIDEMAT]
MAT1 NOTEX PSTN0 NOTEX 0 65535 0 0 12
MAT2 TWRED TWBAR TWRED 33 65535 0 1 24
MAT3 PSTN0 NOTEX PSTN0655 35 65535 0 0 0
MAT4 WMET0 PSTN0 WSTN0655 0 65535 0 0 0
MAT5 PSTN0 NOTEX PSTN0 65535 65535 0 0 12
MAT6 WSTN0 NOTEX WSTN0 256 65535 0 0 12
MAT7 NOTEX WMET0 NOTEX655 0 65535 0 0 8
MAT8 WMET0 NOTEX WMET0 65535 65535 0 0 16
MAT9 PSTN0 TWBAR PSTN0 65535 65535 0 0 28
[SECTOR]
1 8 160 30 0 0 0 1 0 0
2 0 104 27 0 0 0 1 0 0
3 16 148 31 0 0 0 1 0 0
4 16 104 27 0 0 0 1 0 0
5 8 160 27 0 0 0 1 0 0
6 8 104 27 0 0 0 1 0 0
7 16 128 26 0 0 0 1 0 0
8 8 104 27 0 0 0 1 0 0
9 12 104 27 0 0 0 1 0 0
10 4 104 27 0 0 0 1 0 0
11 24 144 23 0 0 0 1 0 0
12 17 144 23 0 0 0 1 0 0
13 32 512 31 0 0 0 1 0 0
14 16 128 23 0 0 0 1 0 0
15 24 144 21 0 0 0 1 0 0
16 16 200 23 0 0 0 1 0 0
17 0 160 28 0 0 0 1 0 0
18 128 128 21 0 1 0 1 2 7929744
19 16 88 27 0 0 0 1 0 0
20 8 96 29 0 0 0 1 0 0
21 48 104 21 0 0 0 2 0 0
22 0 104 27 0 0 0 1 0 0
23 16 104 27 0 0 0 1 0 0
24 16 128 26 0 0 0 1 0 0
25 32 104 26 0 1 0 1 4 4296343488
26 64 143 23 0 0 0 1 0 0
27 64 143 23 0 0 0 1 0 0
28 64 144 23 0 1 0 4 1 1310764
29 64 142 23 0 0 0 1 0 0
30 104 104 21 0 1 0 1 2 720808
31 16 128 21 0 0 0 1 0 0
32 16 16 26 0 1 0 1 3 4298899664
33 16 143 23 0 0 0 1 0 0
34 16 135 22 0 0 0 1 0 0
35 0 104 27 0 0 0 1 0 0
36 16 132 26 0 1 0 1 0 0
37 0 114 23 0 0 0 1 0 0
38 12 104 27 0 0 0 1 0 0
[VERTEX]
256 7
0 0
21 263
320 112
160 96
64 112
89 179
176 176
131 340
704 112
704 176
320 176
768 256
864 256
928 192
928 112
864 48
768 48
208 208
208 256
272 256
272 208
208 272
240 464
368 272
240 336
352 320
304 464
304 336
496 176
496 236
544 236
544 176
496 224
544 224
384 176
384 112
432 176
432 112
112 32
112 48
128 48
128 32
288 32
720 32
752 64
304 64
496 200
544 200
496 212
544 212
496 188
544 188
688 64
720 96
241 159
197 58
48 288
48 480
96 480
96 317
32 496
32 528
48 544
96 544
112 528
112 496
208 304
368 304
96 464
240 432
96 432
304 432
544 432
544 384
304 384
784 112
784 176
848 176
848 112
144 320
154 339
186 323
176 304
496 384
448 432
240 672
304 672
176 704
176 832
224 864
320 864
368 832
368 704
240 655
192 656
192 848
144 704
144 848
192 896
336 896
384 864
400 848
400 704
352 656
304 656
352 848
240 864
240 848
304 864
304 848
112 464
112 432
224 432
224 464
368 800
352 800
352 752
368 752
344 206
448 544
544 544
467 570
582 498
[WALL]
1 2 1 0
2 3 5 0
3 58 9 0
9 81 10 0
4 47 67 0
2 6 2 8
3 7 6 13
4 56 11 17
1 57 16 4
5 6 18 3
6 7 19 7
7 8 20 12
8 5 21 14
25 120 22 0
4 37 0 29
10 11 35 28
12 4 25 23
11 33 0 27
11 13 24 0
13 14 26 0
14 15 30 0
15 16 31 0
16 17 32 0
17 18 33 0
18 46 34 0
19 20 93 36
20 21 94 37
21 22 95 38
22 19 96 39
23 25 40 43
23 68 41 0
24 28 42 158
26 71 44 0
27 69 45 0
26 29 46 47
29 27 48 0
28 73 49 0
30 52 50 0
31 32 51 153
33 30 54 52
32 35 53 0
34 31 55 0
35 51 56 0
34 35 57 58
36 12 0 59
37 39 0 60
36 37 61 62
38 36 0 63
39 10 0 64
38 39 65 66
40 41 214 69
41 42 215 70
42 43 216 71
43 40 217 72
44 1 68 0
44 45 0 91
46 55 74 75
45 46 0 73
48 50 76 0
49 53 77 0
48 49 78 79
50 34 80 0
51 49 81 0
50 51 82 83
52 48 84 0
53 33 85 0
52 53 86 87
47 44 15 92
47 54 88 0
55 10 89 0
54 55 90 0
56 8 97 98
57 5 99 100
56 57 101 102
58 61 103 108
58 59 104 0
59 60 105 116
61 9 106 0
60 70 107 0
59 62 109 0
62 63 110 0
63 64 111 0
64 65 112 0
65 66 113 0
66 67 114 0
67 60 115 0
68 26 117 0
69 25 118 0
68 69 119 120
70 72 121 127
70 112 122 0
71 24 123 126
72 61 124 0
71 114 125 0
73 76 128 133
73 86 129 0
74 75 130 0
76 29 131 0
75 85 132 152
77 78 134 135
78 79 136 137
79 80 138 139
80 77 140 141
81 84 142 147
81 82 143 0
82 83 144 0
84 23 145 0
83 84 146 0
38 30 148 0
85 76 149 0
31 85 150 0
75 32 151 0
86 74 154 232
24 95 155 0
87 88 156 166
88 106 157 187
87 89 159 186
89 90 160 185
90 97 161 184
91 108 162 183
92 107 163 182
93 116 164 180
94 88 165 181
95 87 167 188
95 96 168 0
96 98 169 0
97 91 170 189
98 99 171 0
99 100 172 0
100 101 173 0
101 102 174 0
102 103 175 0
103 104 176 0
104 105 177 0
106 28 178 0
105 106 179 0
107 93 190 191
97 109 192 193
108 110 194 195
109 111 196 197
108 109 198 199
110 92 200 201
111 107 202 203
110 111 204 205
112 115 206 0
113 72 207 0
112 113 208 209
114 113 210 0
115 24 211 0
114 115 212 213
116 119 218 219
116 117 220 221
117 118 222 223
119 94 224 225
118 119 226 227
120 12 228 0
86 121 229 0
121 123 230 0
122 124 231 0
123 122 233 0
124 74 234 0
[SIDE]
36 0 1 0 0 0 0 0 65535 65535 0 0 0
36 1 0 0 0 0 0 0 65535 65535 0 0 0
36 3 2 0 0 0 0 0 65535 65535 0 0 0
36 11 5 0 0 0 0 0 65535 65535 0 0 0
1 0 1 0 0 0 0 0 65535 65535 0 0 0
1 34 5 0 0 0 0 0 65535 65535 0 0 0
1 3 2 0 0 0 0 0 65535 65535 0 0 0
1 36 0 0 0 0 0 0 65535 65535 0 0 0
34 0 1 0 0 0 0 0 65535 65535 0 0 0
34 0 7 0 0 0 0 0 65535 65535 0 0 0
34 11 5 0 0 0 0 0 65535 65535 0 0 0
34 3 2 0 0 0 0 0 65535 65535 0 0 0
34 1 0 0 0 0 0 0 65535 65535 0 0 0
15 3 2 0 0 0 0 0 65535 65535 0 0 0
11 12 0 0 0 0 0 0 65535 65535 0 0 0
11 36 0 0 0 0 0 0 65535 65535 0 0 0
11 34 5 0 0 0 0 0 65535 65535 0 0 0
3 36 2 0 0 0 0 0 65535 65535 0 0 0
3 1 2 0 0 0 0 0 65535 65535 0 0 0
3 34 2 0 0 0 0 0 65535 65535 0 0 0
3 15 2 0 0 0 0 0 65535 65535 0 0 0
34 0 1 0 0 0 0 0 65535 65535 0 0 0
7 34 0 0 0 0 0 0 65535 65535 0 0 0
35 0 4 0 0 0 0 0 65535 65535 0 0 0
34 7 3 0 0 0 0 0 65535 65535 0 0 0
35 0 4 0 0 0 0 0 65535 65535 0 0 0
22 0 4 0 0 0 0 0 65535 65535 0 0 0
22 35 0 0 0 0 0 0 65535 65535 0 0 0
7 0 4 0 0 0 0 0 65535 65535 0 0 0
35 0 4 0 0 0 0 0 65535 65535 0 0 0
35 0 4 0 0 0 0 0 65535 65535 0 0 0
35 0 4 0 0 0 0 0 65535 65535 0 0 0
35 0 4 0 0 0 0 0 65535 65535 0 0 0
35 0 4 0 0 0 0 0 65535 65535 0 0 0
35 22 0 0 0 0 0 0 65535 65535 0 0 0
34 13 0 0 0 0 0 0 0 0 0 0 0
34 13 0 0 0 0 0 0 0 0 0 0 0
34 13 0 0 0 0 0 0 0 0 0 0 0
34 13 0 0 0 0 0 0 0 0 0 0 0
34 5 0 0 0 0 0 0 65535 65535 0 0 0
5 0 1 0 0 0 0 1 65535 65535 0 0 8
4 24 0 0 0 0 0 1 65535 65535 0 0 0
5 34 5 0 0 0 0 0 65535 65535 0 0 0
4 0 1 0 0 0 0 0 65535 65535 0 0 0
17 0 1 0 0 0 0 0 65535 65535 0 0 0
17 4 5 0 0 0 0 0 65535 65535 0 0 0
4 17 0 0 0 0 0 0 65535 65535 0 0 0
17 0 1 0 0 0 0 0 65535 65535 0 0 0
4 0 1 0 0 0 0 0 65535 65535 0 0 0
2 0 4 0 0 0 0 0 65535 65535 0 0 0
38 23 0 0 0 0 0 0 65535 65535 0 0 0
22 2 0 0 0 0 0 0 65535 65535 0 0 0
38 0 4 0 0 0 0 0 65535 65535 0 0 0
2 22 0 0 0 0 0 0 65535 65535 0 0 0
38 0 4 0 0 0 0 0 65535 65535 0 0 0
9 0 4 0 0 0 0 1 65535 65535 0 0 4
9 38 0 0 0 0 0 0 65535 65535 0 0 0
38 9 0 0 0 0 0 0 65535 65535 0 0 0
7 0 4 0 0 0 0 0 65535 65535 0 0 0
6 0 4 0 0 0 0 1 65535 65535 0 0 4
7 6 5 0 0 0 0 0 65535 65535 0 0 0
6 7 5 0 0 0 0 0 65535 65535 0 0 0
6 0 4 0 0 0 0 1 65535 65535 0 0 4
22 0 4 0 0 0 0 0 65535 65535 0 0 0
6 22 0 0 0 0 0 0 65535 65535 0 0 0
22 6 5 0 0 0 0 0 65535 65535 0 0 0
11 0 4 0 0 0 0 0 65535 65535 0 0 0
11 0 0 0 0 0 0 0 65535 65535 0 0 0
36 32 6 0 0 0 0 0 65535 65535 0 0 0
36 32 6 0 0 0 0 0 65535 65535 0 0 0
36 32 6 0 0 0 0 0 65535 65535 0 0 0
36 32 6 0 0 0 0 0 65535 65535 0 0 0
12 0 4 0 0 0 0 0 65535 65535 0 0 0
35 12 5 0 0 0 0 0 65535 65535 0 0 0
12 35 5 0 0 0 0 0 65535 65535 0 0 0
8 0 4 0 0 0 0 1 65535 65535 0 0 4
10 0 4 0 0 0 0 1 65535 65535 0 0 4
10 8 5 0 0 0 0 0 65535 65535 0 0 0
8 10 0 0 0 0 0 0 65535 65535 0 0 0
9 0 4 0 0 0 0 1 65535 65535 0 0 4
8 0 4 0 0 0 0 1 65535 65535 0 0 4
8 9 5 0 0 0 0 0 65535 65535 0 0 0
9 8 0 0 0 0 0 0 65535 65535 0 0 0
10 0 4 0 0 0 0 1 65535 65535 0 0 4
2 0 4 0 0 0 0 0 65535 65535 0 0 0
2 10 5 0 0 0 0 0 65535 65535 0 0 0
10 2 0 0 0 0 0 0 65535 65535 0 0 0
12 0 4 0 0 0 0 0 65535 65535 0 0 0
35 0 4 0 0 0 0 0 65535 65535 0 0 0
12 0 4 0 0 0 0 0 65535 65535 0 0 0
12 0 4 0 0 0 0 0 65535 65535 0 0 0
12 11 5 0 0 0 0 0 65535 65535 0 0 0
13 34 0 0 0 0 0 0 0 0 0 0 0
13 34 0 0 0 0 0 0 0 0 0 0 0
13 34 0 0 0 0 0 0 0 0 0 0 0
13 34 0 0 0 0 0 0 0 0 0 0 0
34 15 5 0 0 0 0 0 65535 65535 0 0 0
15 34 5 0 0 0 0 0 65535 65535 0 0 0
15 36 5 0 0 0 0 0 65535 65535 0 0 0
36 15 5 0 0 0 0 0 65535 65535 0 0 0
15 11 5 0 0 0 0 0 65535 65535 0 0 0
11 15 0 0 0 0 0 0 65535 65535 0 0 0
34 14 0 0 0 0 0 0 65535 65535 0 0 0
14 0 1 0 0 0 0 0 65535 65535 0 0 0
14 16 0 0 0 0 0 0 65535 65535 0 0 0
34 0 1 0 0 0 0 0 65535 65535 0 0 0
14 0 1 0 0 0 0 0 65535 65535 0 0 0
14 34 0 0 0 0 0 0 65535 65535 0 0 0
16 0 1 0 0 0 0 0 65535 65535 0 0 0
16 0 1 0 0 0 0 0 65535 65535 0 0 0
16 0 1 0 0 0 0 0 65535 65535 0 0 0
16 0 1 0 0 0 0 0 65535 65535 0 0 0
16 0 1 0 0 0 0 0 65535 65535 0 0 0
16 0 1 0 0 0 0 0 65535 65535 0 0 0
16 0 1 0 0 0 0 0 65535 65535 0 0 0
16 14 0 0 0 0 0 0 65535 65535 0 0 0
17 0 1 0 0 0 0 0 65535 65535 0 0 0
5 0 1 0 0 0 0 1 65535 65535 0 0 8
5 17 0 0 0 0 0 0 65535 65535 0 0 0
17 5 0 0 0 0 0 0 65535 65535 0 0 0
14 18 5 0 0 0 0 1 65535 65535 0 0 12
18 0 1 0 0 0 0 0 65535 65535 0 0 0
4 30 5 0 0 0 0 1 0 0 0 0 28
14 0 1 0 0 0 0 0 65535 65535 0 0 0
30 0 1 0 0 0 0 0 65535 65535 0 0 0
30 4 0 0 0 0 0 0 65535 65535 0 0 0
18 14 0 0 0 0 0 0 65535 65535 0 0 0
4 19 0 0 0 0 0 0 65535 65535 0 0 0
19 0 1 0 0 0 0 0 65535 65535 0 0 0
19 0 1 0 0 0 0 0 65535 65535 0 0 0
4 0 1 0 0 0 0 0 65535 65535 0 0 0
19 23 0 0 0 0 0 0 65535 65535 0 0 0
19 4 0 0 0 0 0 0 65535 65535 0 0 0
20 35 0 0 0 0 0 0 65535 65535 0 0 0
35 20 0 0 0 0 0 0 65535 65535 0 0 0
20 35 0 0 0 0 0 0 65535 65535 0 0 0
35 20 0 0 0 0 0 0 65535 65535 0 0 0
20 35 0 0 0 0 0 0 65535 65535 0 0 0
35 20 0 0 0 0 0 0 65535 65535 0 0 0
20 35 0 0 0 0 0 0 65535 65535 0 0 0
35 20 0 0 0 0 0 0 65535 65535 0 0 0
34 21 8 0 0 0 0 0 65535 65535 0 0 0
21 0 7 0 0 0 0 0 65535 65535 0 0 0
21 0 7 0 0 0 0 0 65535 65535 0 0 0
34 0 7 0 0 0 0 0 65535 65535 0 0 0
21 0 7 0 0 0 0 0 65535 65535 0 0 0
21 34 0 0 0 0 0 0 65535 65535 0 0 0
22 0 4 0 0 0 0 1 65535 65535 0 0 8
19 0 1 0 0 0 0 0 65535 65535 0 0 0
23 0 4 0 0 0 0 0 65535 65535 0 0 0
23 0 1 0 0 0 0 0 65535 65535 0 0 0
23 19 5 0 0 0 0 0 65535 65535 0 0 0
23 38 0 0 0 0 0 0 65535 65535 0 0 0
19 37 0 0 0 0 0 0 65535 65535 0 0 0
24 0 1 0 0 0 0 0 65535 65535 0 0 0
24 33 0 0 0 0 0 0 65535 65535 0 0 0
24 26 5 0 0 0 0 0 65535 65535 0 0 0
24 4 0 0 0 0 0 0 65535 65535 0 0 0
33 26 5 0 0 0 0 0 65535 65535 0 0 0
33 26 5 0 0 0 0 0 65535 65535 0 0 0
33 26 5 0 0 0 0 0 65535 65535 0 0 0
27 26 5 0 0 0 0 0 65535 65535 0 0 0
29 26 5 0 0 0 0 1 256 0 0 0 4
33 26 5 0 0 0 0 0 65535 65535 0 0 0
33 26 5 0 0 0 0 0 65535 65535 0 0 0
33 24 5 0 0 0 0 0 65535 65535 0 0 0
24 26 5 0 0 0 0 0 65535 65535 0 0 0
26 0 7 0 0 0 0 0 65535 65535 0 0 0
26 0 7 0 0 0 0 0 65535 65535 0 0 0
27 26 5 0 0 0 0 0 65535 65535 0 0 0
26 0 7 0 0 0 0 0 65535 65535 0 0 0
26 0 7 0 0 0 0 0 65535 65535 0 0 0
26 0 7 0 0 0 0 0 65535 65535 0 0 0
26 0 7 0 0 0 0 0 65535 65535 0 0 0
26 0 7 0 0 0 0 0 65535 65535 0 0 0
26 0 7 0 0 0 0 0 65535 65535 0 0 0
26 0 7 0 0 0 0 0 65535 65535 0 0 0
24 0 1 0 0 0 0 0 65535 65535 0 0 0
26 0 7 0 0 0 0 0 65535 65535 0 0 0
26 33 0 0 0 0 0 0 65535 65535 0 0 0
26 33 0 0 0 0 0 0 65535 65535 0 0 0
26 29 0 0 0 0 0 0 65535 65535 0 0 0
26 27 0 0 0 0 0 0 65535 65535 0 0 0
26 33 0 0 0 0 0 0 65535 65535 0 0 0
26 33 0 0 0 0 0 0 65535 65535 0 0 0
26 33 0 0 0 0 0 0 65535 65535 0 0 0
26 24 5 0 0 0 0 0 65535 65535 0 0 0
26 24 5 0 0 0 0 0 65535 65535 0 0 0
26 27 0 0 0 0 0 0 65535 65535 0 0 0
33 26 5 0 0 0 0 0 65535 65535 0 0 0
26 33 0 0 0 0 0 0 65535 65535 0 0 0
33 27 5 0 0 0 0 0 65535 65535 0 0 0
27 33 5 0 0 0 0 0 65535 65535 0 0 0
28 26 5 0 0 0 0 1 65535 65535 0 0 12
26 28 0 0 0 0 0 0 65535 65535 0 0 0
33 28 5 0 0 0 0 1 65535 65535 0 0 12
28 33 5 0 0 0 0 0 65535 65535 0 0 0
27 28 5 0 0 0 0 0 65535 65535 0 0 0
28 27 5 0 0 0 0 1 65535 65535 0 0 12
29 26 5 0 0 0 0 1 256 0 0 0 4
26 29 0 0 0 0 0 0 65535 65535 0 0 0
33 29 5 0 0 0 0 0 65535 65535 0 0 0
29 33 5 0 0 0 0 0 65535 65535 0 0 0
28 29 5 0 0 0 0 1 65535 65535 0 0 12
29 28 5 0 0 0 0 0 65535 65535 0 0 0
31 0 1 0 0 0 0 0 65535 65535 0 0 0
18 0 1 0 0 0 0 0 65535 65535 0 0 0
18 31 0 0 0 0 0 0 65535 65535 0 0 0
31 18 0 0 0 0 0 0 65535 65535 0 0 0
31 0 1 0 0 0 0 0 65535 65535 0 0 0
30 0 1 0 0 0 0 0 65535 65535 0 0 0
30 31 0 0 0 0 0 0 65535 65535 0 0 0
31 30 0 0 0 0 0 0 65535 65535 0 0 0
32 36 0 0 0 0 0 0 65535 65535 0 0 0
32 36 0 0 0 0 0 0 65535 65535 0 0 0
32 36 0 0 0 0 0 0 65535 65535 0 0 0
32 36 0 0 0 0 0 0 65535 65535 0 0 0
25 26 5 0 0 0 0 0 65535 65535 0 0 0
26 25 0 0 0 0 0 0 65535 65535 0 0 0
33 25 0 0 0 0 0 0 65535 65535 0 0 0
25 33 0 0 0 0 0 0 65535 65535 0 0 0
33 25 9 0 0 0 0 1 16 32 0 0 12
25 33 0 0 0 0 0 0 65535 65535 0 0 0
33 26 5 0 0 0 0 0 65535 65535 0 0 0
26 33 0 0 0 0 0 0 65535 65535 0 0 0
33 25 0 0 0 0 0 0 65535 65535 0 0 0
25 33 0 0 0 0 0 0 65535 65535 0 0 0
34 0 1 0 0 0 0 0 65535 65535 0 0 0
37 0 1 0 0 0 0 0 65535 65535 0 0 0
37 0 1 0 0 0 0 0 65535 65535 0 0 0
37 0 1 0 0 0 0 0 65535 65535 0 0 0
37 19 0 0 0 0 0 0 65535 65535 0 0 0
37 0 1 0 0 0 0 0 65535 65535 0 0 0
37 0 1 0 0 0 0 0 65535 65535 0 0 0
[DECAL]
0 29 58 67    NOTEX 0 0 0 0
0 27 115 112    NOTEX 0 0 0 0
2 198 47 5    BUT0F 0 0 2 0
0 12 47 145    NOTEX 0 0 0 0
0 46 55 22    TWSML 0 0 0 0
2 26 28 192    BUT0F 0 0 1 0
0 36 25 194    NOTEX 0 0 0 0
1 200 56 1    SWT0N 0 0 3 0
2 26 24 224    BUT0F 0 0 4 0
0 38 36 233    NOTEX 0 0 0 0
0 80 36 229    NOTEX 0 0 0 0
0 70 36 233    NOTEX 0 0 0 0
0 25 36 229    NOTEX 0 0 0 0
[OBJECT]
4 227 78
4 102 266
1 330 138
5 279 184
