# 005
# Thu Feb 23 19:13:03 2023
[SECTMAT]
MAT1 PSTN0 0 0 PSTN0 0 0
MAT2 WMET0 0 0 WMET0 0 0
MAT3 NOTEX 0 0 NOTEX 0 0
MAT4 WMET0 0 0 PSTN0 0 0
[SIDEMAT]
MAT1 NOTEX PSTN0 NOTEX 0 65535 0 0 12
MAT2 TWRED TWBAR TWRED 33 65535 0 1 24
MAT3 PSTN0 NOTEX PSTN0655 35 65535 0 0 0
MAT4 WMET0 PSTN0 WSTN0655 0 65535 0 0 0
MAT5 PSTN0 NOTEX PSTN0 65535 65535 0 0 12
MAT6 WSTN0 NOTEX WSTN0 256 65535 0 0 12
MAT7 NOTEX WMET0 NOTEX655 0 65535 0 0 8
MAT8 WMET0 NOTEX WMET0 65535 65535 0 0 16
MAT9 PSTN0 TWBAR PSTN0 65535 65535 0 0 28
[SECTOR]
0 8 160 30 0 0 0 1 0 0
1 0 104 27 0 0 0 1 0 0
2 16 148 31 0 0 0 1 0 0
3 0 104 24 0 0 0 1 0 0
4 0 104 27 0 0 0 1 0 0
5 7 160 27 0 0 0 1 0 0
6 16 104 27 0 0 0 1 0 0
7 8 104 27 0 0 0 1 0 0
8 16 128 26 0 0 0 1 0 0
9 8 104 27 0 0 0 1 0 0
10 12 104 27 0 0 0 1 0 0
11 4 104 27 0 0 0 1 0 0
12 0 104 27 0 0 0 1 0 0
13 24 144 23 0 0 0 1 0 0
14 17 144 23 0 0 0 1 0 0
15 32 512 31 0 0 0 1 0 0
16 8 160 30 0 0 0 1 0 0
17 16 128 23 0 0 0 1 0 0
18 24 144 21 0 0 0 1 0 0
19 16 135 22 0 0 0 1 0 0
20 16 200 23 0 0 0 1 0 0
21 0 160 28 0 0 0 1 0 0
22 128 128 21 0 1 0 1 2 7929744
23 16 88 27 0 0 0 1 0 0
24 8 96 29 0 0 0 1 0 0
25 48 104 21 0 0 0 2 0 0
26 0 104 27 0 0 0 1 0 0
27 16 104 27 0 0 0 1 0 0
28 16 132 27 0 0 0 1 0 0
29 15 128 26 0 0 0 1 0 0
30 32 104 26 0 1 0 1 4 4296343488
31 64 143 23 0 0 0 1 0 0
32 64 143 23 0 0 0 1 0 0
33 64 144 23 0 1 0 4 1 1310764
34 64 142 23 0 0 0 1 0 0
35 104 104 21 0 1 0 1 2 720808
36 16 128 21 0 0 0 1 0 0
37 16 16 26 0 1 0 1 3 4298899664
38 15 143 23 0 0 0 1 0 0
[VERTEX]
256 7
0 0
21 263
320 112
160 96
64 112
89 179
176 176
131 340
704 112
704 176
320 176
768 256
864 256
928 192
928 112
864 48
768 48
208 208
208 256
272 256
272 208
208 272
240 464
368 272
240 336
352 320
304 464
304 336
496 176
496 236
544 236
544 176
496 224
544 224
384 176
384 112
432 176
432 112
112 32
112 48
128 48
128 32
288 32
720 32
752 64
304 64
496 200
544 200
496 212
544 212
496 188
544 188
688 64
720 96
241 159
197 58
48 288
48 480
96 480
96 317
32 496
32 528
48 544
96 544
112 528
112 496
208 304
368 304
96 464
240 432
96 432
304 432
544 432
544 384
304 384
784 112
784 176
848 176
848 112
144 320
154 339
186 323
176 304
496 384
448 432
448 544
544 544
240 672
304 672
176 704
176 832
224 864
320 864
368 832
368 704
240 655
192 656
192 848
144 704
144 848
192 896
336 896
384 864
400 848
400 704
352 656
304 656
352 848
240 864
240 848
304 864
304 848
112 464
112 432
224 432
224 464
368 801
352 800
352 752
368 752
[WALL]
0 1 0 -1
1 2 4 -1
2 57 8 -1
8 80 9 -1
3 46 67 -1
1 5 1 7
2 6 5 12
3 55 10 16
0 56 15 3
4 5 17 2
5 6 18 6
6 7 19 11
7 4 20 13
24 11 21 -1
3 36 -1 28
9 10 34 27
11 3 24 22
10 32 -1 26
10 12 23 -1
12 13 25 -1
13 14 29 -1
14 15 30 -1
15 16 31 -1
16 17 32 -1
17 45 33 -1
18 19 93 35
19 20 94 36
20 21 95 37
21 18 96 38
22 24 39 42
22 67 40 -1
23 27 41 162
25 70 43 -1
26 68 44 -1
25 28 45 46
28 26 47 -1
27 72 48 -1
29 29 -1 49
29 51 50 -1
30 31 51 153
32 29 54 52
31 34 53 -1
33 30 55 -1
34 50 56 -1
33 34 57 58
35 11 -1 59
36 38 -1 60
35 36 61 62
37 35 -1 63
38 9 -1 64
37 38 65 66
39 40 218 69
40 41 219 70
41 42 220 71
42 39 221 72
43 0 68 -1
43 44 -1 91
45 54 74 75
44 45 -1 73
47 49 76 -1
48 52 77 -1
47 48 78 79
49 33 80 -1
50 48 81 -1
49 50 82 83
51 47 84 -1
52 32 85 -1
51 52 86 87
46 43 14 92
46 53 88 -1
54 9 89 -1
53 54 90 -1
55 7 97 98
56 4 99 100
55 56 101 102
57 60 103 108
57 58 104 -1
58 59 105 116
60 8 106 -1
59 69 107 -1
58 61 109 -1
61 62 110 -1
62 63 111 -1
63 64 112 -1
64 65 113 -1
65 66 114 -1
66 59 115 -1
67 25 117 -1
68 24 118 -1
67 68 119 120
69 71 121 127
69 113 122 -1
70 23 123 126
71 60 124 -1
70 115 125 -1
72 75 128 133
72 85 129 -1
73 74 130 -1
75 28 131 -1
74 84 132 152
76 77 134 135
77 78 136 137
78 79 138 139
79 76 140 141
80 83 142 147
80 81 143 -1
81 82 144 -1
83 22 145 -1
82 83 146 -1
37 29 148 -1
84 75 149 -1
30 84 150 -1
74 31 151 -1
85 73 154 158
85 86 155 -1
86 87 156 -1
87 73 157 -1
23 96 159 -1
88 89 160 170
89 107 161 191
88 90 163 190
90 91 164 189
91 98 165 188
92 109 166 187
93 108 167 186
94 117 168 184
95 89 169 185
96 88 171 192
96 97 172 -1
97 99 173 -1
98 92 174 193
99 100 175 -1
100 101 176 -1
101 102 177 -1
102 103 178 -1
103 104 179 -1
104 105 180 -1
105 106 181 -1
107 27 182 -1
106 107 183 -1
108 94 194 195
98 110 196 197
109 111 198 199
110 112 200 201
109 110 202 203
111 93 204 205
112 108 206 207
111 112 208 209
113 116 210 -1
114 71 211 -1
113 114 212 213
115 114 214 -1
116 23 215 -1
115 116 216 217
117 120 222 223
117 118 224 225
118 119 226 227
120 95 228 229
119 120 230 231
[SIDE]
16 -1 1 0 0 0 0 0 65535 65535 0 0 0
16 0 0 0 0 0 0 0 65535 65535 0 0 0
16 2 2 0 0 0 0 0 65535 65535 0 0 0
16 13 5 0 0 0 0 0 65535 65535 0 0 0
0 -1 1 0 0 0 0 0 65535 65535 0 0 0
0 19 5 0 0 0 0 0 65535 65535 0 0 0
0 2 2 0 0 0 0 0 65535 65535 0 0 0
0 16 0 0 0 0 0 0 65535 65535 0 0 0
19 -1 1 0 0 0 0 0 65535 65535 0 0 0
19 -1 7 0 0 0 0 0 65535 65535 0 0 0
19 13 5 0 0 0 0 0 65535 65535 0 0 0
19 2 2 0 0 0 0 0 65535 65535 0 0 0
19 0 0 0 0 0 0 0 65535 65535 0 0 0
18 2 2 0 0 0 0 0 65535 65535 0 0 0
13 14 0 0 0 0 0 0 65535 65535 0 0 0
13 16 0 0 0 0 0 0 65535 65535 0 0 0
13 19 5 0 0 0 0 0 65535 65535 0 0 0
2 16 2 0 0 0 0 0 65535 65535 0 0 0
2 0 2 0 0 0 0 0 65535 65535 0 0 0
2 19 2 0 0 0 0 0 65535 65535 0 0 0
2 18 2 0 0 0 0 0 65535 65535 0 0 0
19 -1 1 0 0 0 0 0 65535 65535 0 0 0
8 19 0 0 0 0 0 0 65535 65535 0 0 0
3 -1 4 0 0 0 0 0 65535 65535 0 0 0
19 8 3 0 0 0 0 0 65535 65535 0 0 0
3 -1 4 0 0 0 0 0 65535 65535 0 0 0
26 -1 4 0 0 0 0 0 65535 65535 0 0 0
26 3 0 0 0 0 0 0 65535 65535 0 0 0
8 -1 4 0 0 0 0 0 65535 65535 0 0 0
3 -1 4 0 0 0 0 0 65535 65535 0 0 0
3 -1 4 0 0 0 0 0 65535 65535 0 0 0
3 -1 4 0 0 0 0 0 65535 65535 0 0 0
3 -1 4 0 0 0 0 0 65535 65535 0 0 0
3 -1 4 0 0 0 0 0 65535 65535 0 0 0
3 26 0 0 0 0 0 0 65535 65535 0 0 0
19 15 5 0 0 0 0 0 0 0 0 0 0
19 15 5 0 0 0 0 0 0 0 0 0 0
19 15 5 0 0 0 0 0 0 0 0 0 0
19 15 5 0 0 0 0 0 0 0 0 0 0
19 5 0 0 0 0 0 0 65535 65535 0 0 0
5 -1 1 0 0 0 0 1 65535 65535 0 0 8
4 29 0 0 0 0 0 1 65535 65535 0 0 0
5 19 5 0 0 0 0 0 65535 65535 0 0 0
4 -1 1 0 0 0 0 0 65535 65535 0 0 0
21 -1 1 0 0 0 0 0 65535 65535 0 0 0
21 4 5 0 0 0 0 0 65535 65535 0 0 0
4 21 0 0 0 0 0 0 65535 65535 0 0 0
21 -1 1 0 0 0 0 0 65535 65535 0 0 0
4 -1 1 0 0 0 0 0 65535 65535 0 0 0
12 -1 4 0 0 0 0 0 65535 65535 0 0 0
1 -1 4 0 0 0 0 0 65535 65535 0 0 0
6 27 0 0 0 0 0 0 65535 65535 0 0 0
26 1 0 0 0 0 0 0 65535 65535 0 0 0
6 -1 4 0 0 0 0 0 65535 65535 0 0 0
1 26 0 0 0 0 0 0 65535 65535 0 0 0
6 -1 4 0 0 0 0 0 65535 65535 0 0 0
10 -1 4 0 0 0 0 1 65535 65535 0 0 4
10 6 5 0 0 0 0 0 65535 65535 0 0 0
6 10 0 0 0 0 0 0 65535 65535 0 0 0
8 -1 4 0 0 0 0 0 65535 65535 0 0 0
7 -1 4 0 0 0 0 1 65535 65535 0 0 4
8 7 5 0 0 0 0 0 65535 65535 0 0 0
7 8 5 0 0 0 0 0 65535 65535 0 0 0
7 -1 4 0 0 0 0 1 65535 65535 0 0 4
26 -1 4 0 0 0 0 0 65535 65535 0 0 0
7 26 0 0 0 0 0 0 65535 65535 0 0 0
26 7 5 0 0 0 0 0 65535 65535 0 0 0
13 -1 4 0 0 0 0 0 65535 65535 0 0 0
13 -1 0 0 0 0 0 0 65535 65535 0 0 0
16 37 6 0 0 0 0 0 65535 65535 0 0 0
16 37 6 0 0 0 0 0 65535 65535 0 0 0
16 37 6 0 0 0 0 0 65535 65535 0 0 0
16 37 6 0 0 0 0 0 65535 65535 0 0 0
14 -1 4 0 0 0 0 0 65535 65535 0 0 0
3 14 5 0 0 0 0 0 65535 65535 0 0 0
14 3 5 0 0 0 0 0 65535 65535 0 0 0
9 -1 4 0 0 0 0 1 65535 65535 0 0 4
11 -1 4 0 0 0 0 1 65535 65535 0 0 4
11 9 5 0 0 0 0 0 65535 65535 0 0 0
9 11 0 0 0 0 0 0 65535 65535 0 0 0
10 -1 4 0 0 0 0 1 65535 65535 0 0 4
9 -1 4 0 0 0 0 1 65535 65535 0 0 4
9 10 5 0 0 0 0 0 65535 65535 0 0 0
10 9 0 0 0 0 0 0 65535 65535 0 0 0
11 -1 4 0 0 0 0 1 65535 65535 0 0 4
1 -1 4 0 0 0 0 0 65535 65535 0 0 0
1 11 5 0 0 0 0 0 65535 65535 0 0 0
11 1 0 0 0 0 0 0 65535 65535 0 0 0
14 -1 4 0 0 0 0 0 65535 65535 0 0 0
3 -1 4 0 0 0 0 0 65535 65535 0 0 0
14 -1 4 0 0 0 0 0 65535 65535 0 0 0
14 -1 4 0 0 0 0 0 65535 65535 0 0 0
14 13 5 0 0 0 0 0 65535 65535 0 0 0
15 19 5 0 0 0 0 0 0 0 0 0 0
15 19 5 0 0 0 0 0 0 0 0 0 0
15 19 5 0 0 0 0 0 0 0 0 0 0
15 19 5 0 0 0 0 0 0 0 0 0 0
19 18 5 0 0 0 0 0 65535 65535 0 0 0
18 19 5 0 0 0 0 0 65535 65535 0 0 0
18 16 5 0 0 0 0 0 65535 65535 0 0 0
16 18 5 0 0 0 0 0 65535 65535 0 0 0
18 13 5 0 0 0 0 0 65535 65535 0 0 0
13 18 0 0 0 0 0 0 65535 65535 0 0 0
19 17 0 0 0 0 0 0 65535 65535 0 0 0
17 -1 1 0 0 0 0 0 65535 65535 0 0 0
17 20 0 0 0 0 0 0 65535 65535 0 0 0
19 -1 1 0 0 0 0 0 65535 65535 0 0 0
17 -1 1 0 0 0 0 0 65535 65535 0 0 0
17 19 0 0 0 0 0 0 65535 65535 0 0 0
20 -1 1 0 0 0 0 0 65535 65535 0 0 0
20 -1 1 0 0 0 0 0 65535 65535 0 0 0
20 -1 1 0 0 0 0 0 65535 65535 0 0 0
20 -1 1 0 0 0 0 0 65535 65535 0 0 0
20 -1 1 0 0 0 0 0 65535 65535 0 0 0
20 -1 1 0 0 0 0 0 65535 65535 0 0 0
20 -1 1 0 0 0 0 0 65535 65535 0 0 0
20 17 0 0 0 0 0 0 65535 65535 0 0 0
21 -1 1 0 0 0 0 0 65535 65535 0 0 0
5 -1 1 0 0 0 0 1 65535 65535 0 0 8
5 21 0 0 0 0 0 0 65535 65535 0 0 0
21 5 0 0 0 0 0 0 65535 65535 0 0 0
17 22 5 0 0 0 0 1 65535 65535 0 0 12
22 -1 1 0 0 0 0 0 65535 65535 0 0 0
4 35 5 0 0 0 0 1 0 0 0 0 12
17 -1 1 0 0 0 0 0 65535 65535 0 0 0
35 -1 1 0 0 0 0 0 65535 65535 0 0 0
35 4 0 0 0 0 0 0 65535 65535 0 0 0
22 17 0 0 0 0 0 0 65535 65535 0 0 0
4 23 0 0 0 0 0 0 65535 65535 0 0 0
23 -1 1 0 0 0 0 0 65535 65535 0 0 0
23 -1 1 0 0 0 0 0 65535 65535 0 0 0
4 -1 1 0 0 0 0 0 65535 65535 0 0 0
23 27 0 0 0 0 0 0 65535 65535 0 0 0
23 4 0 0 0 0 0 0 65535 65535 0 0 0
24 3 0 0 0 0 0 0 65535 65535 0 0 0
3 24 0 0 0 0 0 0 65535 65535 0 0 0
24 3 0 0 0 0 0 0 65535 65535 0 0 0
3 24 0 0 0 0 0 0 65535 65535 0 0 0
24 3 0 0 0 0 0 0 65535 65535 0 0 0
3 24 0 0 0 0 0 0 65535 65535 0 0 0
24 3 0 0 0 0 0 0 65535 65535 0 0 0
3 24 0 0 0 0 0 0 65535 65535 0 0 0
19 25 8 0 0 0 0 0 65535 65535 0 0 0
25 -1 7 0 0 0 0 0 65535 65535 0 0 0
25 -1 7 0 0 0 0 0 65535 65535 0 0 0
19 -1 7 0 0 0 0 0 65535 65535 0 0 0
25 -1 7 0 0 0 0 0 65535 65535 0 0 0
25 19 0 0 0 0 0 0 65535 65535 0 0 0
26 -1 4 0 0 0 0 1 65535 65535 0 0 8
23 -1 1 0 0 0 0 0 65535 65535 0 0 0
27 -1 4 0 0 0 0 0 65535 65535 0 0 0
27 -1 1 0 0 0 0 0 65535 65535 0 0 0
27 23 5 0 0 0 0 0 65535 65535 0 0 0
27 6 0 0 0 0 0 0 65535 65535 0 0 0
23 28 0 0 0 0 0 0 65535 65535 0 0 0
28 -1 1 0 0 0 0 0 65535 65535 0 0 0
28 -1 1 0 0 0 0 0 65535 65535 0 0 0
28 -1 1 0 0 0 0 0 65535 65535 0 0 0
28 23 5 0 0 0 0 0 65535 65535 0 0 0
29 -1 1 0 0 0 0 0 65535 65535 0 0 0
29 38 0 0 0 0 0 0 65535 65535 0 0 0
29 31 5 0 0 0 0 0 65535 65535 0 0 0
29 4 0 0 0 0 0 0 65535 65535 0 0 0
38 31 5 0 0 0 0 0 65535 65535 0 0 0
38 31 5 0 0 0 0 0 65535 65535 0 0 0
38 31 5 0 0 0 0 0 65535 65535 0 0 0
32 31 5 0 0 0 0 0 65535 65535 0 0 0
34 31 5 0 0 0 0 1 256 0 0 0 4
38 31 5 0 0 0 0 0 65535 65535 0 0 0
38 31 5 0 0 0 0 0 65535 65535 0 0 0
38 29 5 0 0 0 0 0 65535 65535 0 0 0
29 31 5 0 0 0 0 0 65535 65535 0 0 0
31 -1 7 0 0 0 0 0 65535 65535 0 0 0
31 -1 7 0 0 0 0 0 65535 65535 0 0 0
32 31 5 0 0 0 0 0 65535 65535 0 0 0
31 -1 7 0 0 0 0 0 65535 65535 0 0 0
31 -1 7 0 0 0 0 0 65535 65535 0 0 0
31 -1 7 0 0 0 0 0 65535 65535 0 0 0
31 -1 7 0 0 0 0 0 65535 65535 0 0 0
31 -1 7 0 0 0 0 0 65535 65535 0 0 0
31 -1 7 0 0 0 0 0 65535 65535 0 0 0
31 -1 7 0 0 0 0 0 65535 65535 0 0 0
29 -1 1 0 0 0 0 0 65535 65535 0 0 0
31 -1 7 0 0 0 0 0 65535 65535 0 0 0
31 38 0 0 0 0 0 0 65535 65535 0 0 0
31 38 0 0 0 0 0 0 65535 65535 0 0 0
31 34 0 0 0 0 0 0 65535 65535 0 0 0
31 32 0 0 0 0 0 0 65535 65535 0 0 0
31 38 0 0 0 0 0 0 65535 65535 0 0 0
31 38 0 0 0 0 0 0 65535 65535 0 0 0
31 38 0 0 0 0 0 0 65535 65535 0 0 0
31 29 5 0 0 0 0 0 65535 65535 0 0 0
31 29 5 0 0 0 0 0 65535 65535 0 0 0
31 32 0 0 0 0 0 0 65535 65535 0 0 0
38 31 5 0 0 0 0 0 65535 65535 0 0 0
31 38 0 0 0 0 0 0 65535 65535 0 0 0
38 32 5 0 0 0 0 0 65535 65535 0 0 0
32 38 5 0 0 0 0 0 65535 65535 0 0 0
33 31 5 0 0 0 0 1 65535 65535 0 0 12
31 33 0 0 0 0 0 0 65535 65535 0 0 0
38 33 5 0 0 0 0 1 65535 65535 0 0 12
33 38 5 0 0 0 0 0 65535 65535 0 0 0
32 33 5 0 0 0 0 0 65535 65535 0 0 0
33 32 5 0 0 0 0 1 65535 65535 0 0 12
34 31 5 0 0 0 0 1 256 0 0 0 4
31 34 0 0 0 0 0 0 65535 65535 0 0 0
38 34 5 0 0 0 0 0 65535 65535 0 0 0
34 38 5 0 0 0 0 0 65535 65535 0 0 0
33 34 5 0 0 0 0 1 65535 65535 0 0 12
34 33 5 0 0 0 0 0 65535 65535 0 0 0
36 -1 1 0 0 0 0 0 65535 65535 0 0 0
22 -1 1 0 0 0 0 0 65535 65535 0 0 0
22 36 0 0 0 0 0 0 65535 65535 0 0 0
36 22 0 0 0 0 0 0 65535 65535 0 0 0
36 -1 1 0 0 0 0 0 65535 65535 0 0 0
35 -1 1 0 0 0 0 0 65535 65535 0 0 0
35 36 0 0 0 0 0 0 65535 65535 0 0 0
36 35 0 0 0 0 0 0 65535 65535 0 0 0
37 16 0 0 0 0 0 0 65535 65535 0 0 0
37 16 0 0 0 0 0 0 65535 65535 0 0 0
37 16 0 0 0 0 0 0 65535 65535 0 0 0
37 16 0 0 0 0 0 0 65535 65535 0 0 0
30 31 5 0 0 0 0 0 65535 65535 0 0 0
31 30 0 0 0 0 0 0 65535 65535 0 0 0
38 30 0 0 0 0 0 0 65535 65535 0 0 0
30 38 0 0 0 0 0 0 65535 65535 0 0 0
38 30 9 0 0 0 0 1 16 32 0 0 12
30 38 0 0 0 0 0 0 65535 65535 0 0 0
38 31 5 0 0 0 0 0 65535 65535 0 0 0
31 38 0 0 0 0 0 0 65535 65535 0 0 0
38 30 0 0 0 0 0 0 65535 65535 0 0 0
30 38 0 0 0 0 0 0 65535 65535 0 0 0
[DECAL]
0 29 58 67    NOTEX 0 0 0 0
0 27 115 112    NOTEX 0 0 0 0
2 198 47 4    BUT0F 0 0 2 0
0 12 47 145    NOTEX 0 0 0 0
0 46 55 21    TWSML 0 0 0 0
0 42 44 156    NOTEX 171 57 0 0
2 26 28 196    BUT0F 0 0 1 0
0 36 25 198    NOTEX 0 0 0 0
1 185 45 0    SWT0N 0 0 3 0
2 26 24 228    BUT0F 0 0 4 0
[OBJECT]
4 140 272
4 102 266
1 235 139
5 279 184
