# 008
# Wed Apr 26 19:45:41 2023
[SECTMAT]
MAT1 WMET0 0 0 WMET0 0 0
MAT2 PSTN3 16 0 PSTN3 16 0
MAT3 PSTN1 0 0 PSTN1 0 0
MAT4 PSTN2 0 0 PSTN2 0 0
MAT5 WMET0 0 0 WMET0 0 0
MAT6 WSTN0 0 0 WSTN0 0 0
MAT7 PTEST0 14 0 PTEST0 0 0
[SIDEMAT]
MAT1 NOTEX WSTN0 NOTEX 65535 65535 0 0 0
MAT2 PSTN0 TWBAR PSTN0 65535 65535 0 0 12
MAT3 NOTEX PSTN0 NOTEX 65535 65535 0 0 0
MAT4 NOTEX PSTN0 NOTEX 65535 65535 0 0 0
MAT5 NOTEX WTEST1 NOTEX 65535 65535 0 0 0
[SECTOR]
1 0 0 0 128 0 0 16 0 0 0 1 1 0
2 32 0 0 128 0 0 20 0 0 0 1 0 0
3 0 0 0 128 0 0 16 0 0 0 1 0 0
4 16 0 0 128 0 0 20 0 0 0 1 0 0
5 16 0 0 128 0 0 25 0 0 0 1 0 0
6 32 0 0 128 0 0 25 0 0 0 1 0 0
7 0 0 0 128 0 0 25 0 0 0 1 0 0
8 0 0 0 128 0 0 25 0 0 0 1 0 0
9 0 0 0 128 0 0 25 0 0 0 1 0 0
10 0 0 0 128 0 0 16 0 0 0 1 0 0
11 8 0 0 128 0 0 20 0 0 0 1 0 0
12 0 0 0 128 0 0 16 0 0 0 1 0 0
13 0 0 0 128 0 0 16 0 0 0 1 0 0
14 0 0 0 128 0 0 16 0 0 0 1 0 0
15 24 0 0 144 0 0 27 0 0 0 1 0 0
16 20 0 0 128 0 0 16 0 0 0 1 0 0
17 24 0 0 128 0 0 20 0 0 0 1 0 0
18 20 0 0 128 0 0 22 0 0 0 6 0 0
19 20 0 0 128 0 0 30 0 0 0 3 0 0
20 20 0 0 128 0 0 30 0 0 0 4 0 0
21 20 0 0 128 0 0 30 0 0 0 2 0 0
22 20 0 0 128 0 0 22 0 0 0 6 0 0
23 20 0 0 128 0 0 22 0 0 0 6 0 0
24 20 0 0 128 0 0 22 0 0 0 6 0 0
25 20 0 0 128 0 0 22 0 0 0 6 0 0
26 20 0 0 128 0 0 22 0 0 0 6 0 0
27 20 0 0 128 0 0 22 0 0 0 6 0 0
28 20 0 0 128 0 0 7 0 2 0 1 0 27584552019034113
29 20 0 0 100 0 0 31 1 0 0 7 0 0
30 20 0 0 100 0 0 31 3 0 0 7 0 0
31 20 0 0 128 0 0 12 0 0 0 1 0 0
32 20 0 0 128 0 0 23 0 0 0 1 0 0
[VERTEX]
216 296
216 392
296 392
296 296
392 296
328 392
328 296
328 344
296 344
296 496
336 528
424 496
424 448
296 456
400 416
328 416
376 528
240 328
240 360
272 360
272 328
248 336
248 352
264 352
264 336
256 408
256 376
392 344
400 400
400 384
488 480
488 448
448 432
328 400
328 408
400 408
392 424
360 440
360 464
384 464
384 440
296 432
328 424
440 296
328 248
448 496
440 248
752 296
752 248
752 448
976 248
832 312
832 376
896 312
832 408
840 408
936 368
896 368
840 448
976 368
888 312
888 280
896 280
888 248
792 312
792 320
832 320
752 320
600 248
600 176
440 176
472 248
472 200
560 200
560 248
472 296
560 296
584 296
584 424
712 424
712 296
624 424
624 576
672 576
672 424
736 176
864 176
864 56
736 56
736 160
864 160
696 160
696 248
736 112
656 112
656 248
864 112
328 120
376 120
376 248
424 120
424 8
280 8
280 120
296 96
320 96
320 40
296 40
408 96
384 96
384 40
408 40
328 116
376 116
320 120
320 116
384 116
384 120
[WALL]
1 2 1 0
2 26 2 0
3 9 3 5
4 1 4 0
3 6 6 0
5 7 7 87
6 34 8 0
7 4 9 0
6 8 10 11
8 7 12 13
9 4 14 15
8 9 16 17
28 5 18 0
8 28 19 20
10 11 21 0
11 17 22 0
14 10 23 0
15 37 24 25
16 43 26 0
16 15 56 27
17 12 28 0
18 19 29 30
19 27 31 32
20 21 33 34
21 18 35 36
22 23 37 38
23 24 39 40
24 25 41 42
25 22 43 44
2 19 45 46
20 3 47 52
26 3 50 0
27 20 48 53
26 27 49 51
30 28 54 0
15 36 55 0
29 30 57 0
12 13 58 63
12 46 59 0
31 32 60 0
32 33 61 0
33 13 62 0
34 35 64 0
34 29 65 66
35 16 67 0
36 29 68 0
35 36 69 70
38 39 71 72
39 40 73 74
40 41 75 76
41 38 77 78
42 14 79 0
43 37 80 81
42 43 0 82
13 15 83 0
5 44 84 0
44 47 85 95
45 7 86 0
31 46 0 88
46 33 89 90
47 100 91 0
44 76 92 0
48 49 93 100
49 93 94 0
48 68 96 0
50 59 97 0
51 64 99 0
68 50 98 0
64 49 105 0
53 55 0 103
55 56 0 104
57 58 0 108
58 54 0 109
56 59 0 106
60 51 107 0
57 60 110 0
61 52 0 111
61 62 112 0
62 63 113 0
63 54 114 0
62 64 115 116
52 65 0 117
65 66 0 118
67 53 0 119
66 67 0 120
66 68 101 102
69 75 121 130
69 70 122 0
70 71 123 0
71 47 124 0
72 47 125 128
72 73 126 0
73 74 127 0
74 75 129 0
72 76 0 131
77 78 132 0
75 77 133 0
78 81 134 139
78 79 135 0
79 82 136 0
81 48 137 0
80 81 138 0
82 85 140 145
82 83 141 0
83 84 142 0
85 80 143 0
84 85 144 0
86 87 146 0
87 91 147 0
88 89 148 0
89 94 149 0
86 90 150 151
90 94 152 153
90 92 0 158
92 93 0 162
93 96 156 157
91 97 154 0
94 95 159 0
96 69 160 0
95 96 161 0
97 88 155 0
45 98 0 164
98 99 189 163
100 45 165 166
99 118 0 0
101 102 168 0
102 103 169 0
103 104 170 0
104 115 171 0
105 106 172 173
106 107 174 175
107 108 176 177
108 105 178 179
109 110 180 181
110 111 182 183
111 112 184 185
112 109 186 187
99 100 0 188
98 113 198 190
113 114 192 167
114 99 199 191
115 98 0 0
115 116 193 0
116 113 194 0
114 117 195 0
118 101 196 0
117 118 197 0
[SIDE]
8 0 0 0 0 0 0 0 65535 65535 0 0 0
7 0 0 0 0 0 0 0 65535 65535 0 0 0
8 5 0 0 0 0 0 0 65535 65535 0 0 0
8 0 0 0 0 0 0 0 65535 65535 0 0 0
1 3 0 0 0 0 0 0 65535 65535 0 0 0
1 0 1 0 0 0 0 0 65535 65535 0 0 0
3 87 0 0 0 0 0 0 65535 65535 0 0 0
12 0 0 0 0 0 0 0 65535 65535 0 0 0
2 0 0 0 0 0 0 0 65535 65535 0 0 0
1 11 0 0 0 0 0 0 65535 65535 0 0 0
12 10 0 0 0 0 0 0 65535 65535 0 0 0
2 13 0 0 0 0 0 0 65535 65535 0 0 0
3 12 0 0 0 0 0 0 65535 65535 0 0 0
8 15 0 0 0 0 0 0 65535 65535 0 0 0
2 14 0 0 0 0 0 0 65535 65535 0 0 0
1 17 0 0 0 0 0 0 65535 65535 0 0 0
2 16 0 0 0 0 0 0 65535 65535 0 0 0
3 84 0 0 0 0 0 2 65535 65535 0 0 0
3 20 0 0 0 0 0 0 65535 65535 0 0 0
12 19 0 0 0 0 0 0 65535 65535 0 0 0
4 0 0 0 0 0 0 0 65535 65535 0 0 0
4 23 0 0 0 0 0 2 65535 65535 0 0 0
4 22 0 0 0 0 0 2 65535 65535 0 0 0
4 25 0 0 0 0 0 0 65535 65535 0 0 0
14 24 0 0 0 0 0 0 65535 65535 0 0 0
14 0 0 0 0 0 0 0 65535 65535 0 0 0
14 56 0 0 0 0 0 0 65535 65535 0 0 0
4 0 0 0 0 0 0 0 65535 65535 0 0 0
5 30 0 0 0 0 0 0 65535 65535 0 0 0
8 29 0 0 0 0 0 0 65535 65535 0 0 0
5 32 0 0 0 0 0 0 65535 65535 0 0 0
7 31 0 0 0 0 0 0 65535 65535 0 0 0
5 34 0 0 0 0 0 0 65535 65535 0 0 0
8 33 0 0 0 0 0 0 65535 65535 0 0 0
5 36 0 0 0 0 0 0 65535 65535 0 0 0
8 35 0 0 0 0 0 0 65535 65535 0 0 0
6 38 0 0 0 0 0 0 65535 65535 0 0 0
5 37 0 0 0 0 0 0 65535 65535 0 0 0
6 40 0 0 0 0 0 0 65535 65535 0 0 0
5 39 0 0 0 0 0 0 65535 65535 0 0 0
6 42 0 0 0 0 0 0 65535 65535 0 0 0
5 41 0 0 0 0 0 0 65535 65535 0 0 0
6 44 0 0 0 0 0 0 65535 65535 0 0 0
5 43 0 0 0 0 0 0 65535 65535 0 0 0
8 46 0 0 0 0 0 0 65535 65535 0 0 0
7 45 0 0 0 0 0 0 65535 65535 0 0 0
8 52 0 0 0 0 0 0 65535 65535 0 0 0
5 53 0 0 0 0 0 0 65535 65535 0 0 0
7 51 0 0 0 0 0 0 65535 65535 0 0 0
9 0 0 0 0 0 0 0 65535 65535 0 0 0
9 49 0 0 0 0 0 0 65535 65535 0 0 0
9 47 0 0 0 0 0 0 65535 65535 0 0 0
9 48 0 0 0 0 0 0 65535 65535 0 0 0
12 0 0 0 0 0 0 0 65535 65535 0 0 0
10 0 0 0 0 0 0 0 65535 65535 0 0 0
10 27 0 0 0 0 0 0 65535 65535 0 0 0
12 0 0 0 0 0 0 0 65535 65535 0 0 0
4 63 0 0 0 0 0 0 65535 65535 0 0 0
11 0 0 0 0 0 0 0 65535 65535 0 0 0
17 0 0 0 0 0 0 0 65535 65535 0 0 0
17 0 0 0 0 0 0 0 65535 65535 0 0 0
11 0 0 0 0 0 0 0 65535 65535 0 0 0
11 58 0 0 0 0 0 0 65535 65535 0 0 0
13 0 0 0 0 0 0 0 65535 65535 0 0 0
12 66 0 0 0 0 0 0 65535 65535 0 0 0
13 65 0 0 0 0 0 0 65535 65535 0 0 0
10 0 0 0 0 0 0 0 65535 65535 0 0 0
13 0 0 0 0 0 0 0 65535 65535 0 0 0
13 70 0 0 0 0 0 0 65535 65535 0 0 0
10 69 0 0 0 0 0 0 65535 65535 0 0 0
15 72 2 0 0 0 0 0 65535 65535 0 0 0
4 71 2 0 0 0 0 0 65535 65535 0 0 0
15 74 2 0 0 0 0 0 65535 65535 0 0 0
4 73 2 0 0 0 0 0 65535 65535 0 0 0
15 76 2 0 0 0 0 0 65535 65535 0 0 0
4 75 2 0 0 0 0 0 65535 65535 0 0 0
15 78 2 0 0 0 0 0 65535 65535 0 0 0
4 77 2 0 0 0 0 0 65535 65535 0 0 0
4 0 0 0 0 0 0 0 65535 65535 0 0 0
14 81 0 0 0 0 0 0 65535 65535 0 0 0
4 80 0 0 0 0 0 0 65535 65535 0 0 0
4 0 0 0 0 0 0 0 65535 65535 0 0 0
4 0 0 0 0 0 0 0 65535 65535 0 0 0
16 18 0 0 0 0 0 2 65535 65535 0 0 0
16 95 0 0 0 0 0 0 65535 65535 0 0 0
16 0 0 0 0 0 0 0 65535 65535 0 0 0
16 7 0 0 0 0 0 0 65535 65535 0 0 0
17 0 0 0 0 0 0 0 65535 65535 0 0 0
11 90 0 0 0 0 0 0 65535 65535 0 0 0
17 89 0 0 0 0 0 0 65535 65535 0 0 0
16 0 0 0 0 0 0 0 65535 65535 0 0 0
22 0 3 0 0 0 0 0 65535 65535 0 0 0
18 100 0 0 0 0 0 0 65535 65535 0 0 0
18 0 3 0 0 0 0 0 65535 65535 0 0 0
22 85 0 0 0 0 0 0 65535 65535 0 0 0
19 0 3 0 0 0 0 0 65535 65535 0 0 0
21 0 3 0 0 0 0 0 65535 65535 0 0 0
21 0 3 0 0 0 0 0 65535 65535 0 0 0
20 0 3 0 0 0 0 0 65535 65535 0 0 0
19 93 0 0 0 0 0 0 65535 65535 0 0 0
21 102 0 0 0 0 0 0 65535 65535 0 0 0
19 101 0 0 0 0 0 0 65535 65535 0 0 0
21 0 3 0 0 0 0 0 65535 65535 0 0 0
21 0 3 0 0 0 0 0 65535 65535 0 0 0
19 0 3 0 0 0 0 0 65535 65535 0 0 0
21 110 0 0 0 0 0 2 65535 65535 0 0 0
20 0 3 0 0 0 0 0 65535 65535 0 0 0
20 0 3 0 0 0 0 0 65535 65535 0 0 0
20 0 3 0 0 0 0 0 65535 65535 0 0 0
20 106 0 0 0 0 0 2 65535 65535 0 0 0
19 0 3 0 0 0 0 0 65535 65535 0 0 0
19 0 3 0 0 0 0 0 65535 65535 0 0 0
20 0 3 0 0 0 0 0 65535 65535 0 0 0
20 0 3 0 0 0 0 0 65535 65535 0 0 0
19 116 0 0 0 0 0 0 65535 65535 0 0 0
20 115 0 0 0 0 0 0 65535 65535 0 0 0
19 0 3 0 0 0 0 0 65535 65535 0 0 0
19 0 3 0 0 0 0 0 65535 65535 0 0 0
21 0 3 0 0 0 0 0 65535 65535 0 0 0
21 0 3 0 0 0 0 0 65535 65535 0 0 0
18 130 0 0 0 0 0 0 65535 65535 0 0 0
23 0 3 0 0 0 0 0 65535 65535 0 0 0
23 0 3 0 0 0 0 0 65535 65535 0 0 0
23 0 3 0 0 0 0 0 65535 65535 0 0 0
22 128 0 0 0 0 0 0 65535 65535 0 0 0
23 0 3 0 0 0 0 0 65535 65535 0 0 0
23 0 3 0 0 0 0 0 65535 65535 0 0 0
23 125 0 0 0 0 0 0 65535 65535 0 0 0
23 0 3 0 0 0 0 0 65535 65535 0 0 0
23 121 0 0 0 0 0 0 65535 65535 0 0 0
22 0 3 0 0 0 0 0 65535 65535 0 0 0
18 0 3 0 0 0 0 0 65535 65535 0 0 0
18 0 3 0 0 0 0 0 65535 65535 0 0 0
18 139 0 0 0 0 0 0 65535 65535 0 0 0
24 0 3 0 0 0 0 0 65535 65535 0 0 0
24 0 3 0 0 0 0 0 65535 65535 0 0 0
18 0 3 0 0 0 0 0 65535 65535 0 0 0
24 0 3 0 0 0 0 0 65535 65535 0 0 0
24 134 0 0 0 0 0 0 65535 65535 0 0 0
24 145 0 0 0 0 0 0 65535 65535 0 0 0
25 0 3 0 0 0 0 0 65535 65535 0 0 0
25 154 0 0 0 0 0 2 65535 65535 0 0 0
24 0 3 0 0 0 0 0 65535 65535 0 0 0
25 0 3 0 0 0 0 0 65535 65535 0 0 0
25 140 0 0 0 0 0 0 65535 65535 0 0 0
26 0 3 0 0 0 0 0 65535 65535 0 0 0
26 0 3 0 0 0 0 0 65535 65535 0 0 0
26 0 3 0 0 0 0 0 65535 65535 0 0 0
26 0 3 0 0 0 0 0 65535 65535 0 0 0
0 0 0 0 0 0 0 0 65535 65535 0 0 0
26 0 3 0 0 0 0 0 65535 65535 0 0 0
27 153 0 0 0 0 0 0 65535 65535 0 0 0
26 152 0 0 0 0 0 0 65535 65535 0 0 0
26 142 0 0 0 0 0 2 65535 65535 0 0 0
26 0 3 0 0 0 0 0 65535 65535 0 0 0
18 157 4 0 0 0 0 0 65535 65535 0 0 0
27 156 0 0 0 0 0 0 65535 65535 0 0 0
27 0 3 0 0 0 0 0 65535 65535 0 0 0
27 0 3 0 0 0 0 0 65535 65535 0 0 0
18 0 3 0 0 0 0 0 65535 65535 0 0 0
27 0 3 0 0 0 0 0 65535 65535 0 0 0
27 0 3 0 0 0 0 0 65535 65535 0 0 0
31 189 3 0 1 0 0 0 65535 65535 0 0 0
31 0 0 0 0 0 0 0 65535 65535 0 0 0
16 166 0 0 0 0 0 0 65535 65535 0 0 0
31 165 0 0 0 0 0 0 65535 65535 0 0 0
28 192 0 0 1 0 0 0 65535 65535 0 0 0
32 0 5 0 0 0 0 0 65535 65535 0 0 0
32 0 5 0 0 0 0 0 65535 65535 0 0 0
32 0 5 0 0 0 0 0 65535 65535 0 0 0
32 0 5 0 0 0 0 0 65535 65535 0 0 0
29 173 0 0 0 0 0 0 65535 65535 0 0 0
32 172 0 0 0 0 0 0 65535 65535 0 0 0
29 175 0 0 0 0 0 0 65535 65535 0 0 0
32 174 0 0 0 0 0 0 65535 65535 0 0 0
29 177 0 0 0 0 0 0 65535 65535 0 0 0
32 176 0 0 0 0 0 0 65535 65535 0 0 0
29 179 0 0 0 0 0 0 65535 65535 0 0 0
32 178 0 0 0 0 0 0 65535 65535 0 0 0
32 181 0 0 0 0 0 0 65535 65535 0 0 0
30 180 0 0 0 0 0 0 65535 65535 0 0 0
32 183 0 0 0 0 0 0 65535 65535 0 0 0
30 182 0 0 0 0 0 0 65535 65535 0 0 0
32 185 0 0 0 0 0 0 65535 65535 0 0 0
30 184 0 0 0 0 0 0 65535 65535 0 0 0
32 187 0 0 0 0 0 0 65535 65535 0 0 0
30 186 0 0 0 0 0 0 65535 65535 0 0 0
31 0 0 0 0 0 0 0 65535 65535 0 0 0
28 163 0 0 1 0 0 0 65535 65535 0 0 0
28 0 4 0 1 0 0 0 65535 65535 0 0 0
28 0 4 0 1 0 0 0 65535 65535 0 0 0
32 167 3 0 1 0 0 0 65535 65535 0 0 0
32 0 5 0 0 0 0 0 65535 65535 0 0 0
32 0 5 0 0 0 0 0 65535 65535 0 0 0
32 0 5 0 1 0 0 0 65535 65535 0 0 0
32 0 5 0 0 0 0 0 65535 65535 0 0 0
32 0 5 0 1 0 0 0 65535 65535 0 0 0
0 0 4 0 1 0 0 0 65535 65535 0 0 0
0 0 4 0 1 0 0 0 65535 65535 0 0 0
[DECAL]
0 17 48 83    OBOY0 0 0 0 0
3 16 68 99   DPORT0 0 0 0 196928
3 24 63 109   DPORT1 0 0 0 131392
3 48 68 98   DPORT1 0 0 0 327744
3 64 64 1   DPORT1 0 0 0 262208
[OBJECT]
1 366 50
5 368 360
4 353 486
10 648 327
